428136613


308244 399867



























72704216 74440041 79818733 80143134 82612015 83569017 84142933 95647139 96085257 97169865 97587179 105593189 107325982 107726922 113220009 113432227 118998432 120329744 122111134 122117695 123343830 123434515 124757560 125139223 126455138 129153195 129548906 130116464 130116615 130182280 131319461 131766720 133309260 133846057 135143549 136040776 136977534 137037350 137037528 138071257 138666376 142455669 144191498 145628573 148391316 149998656 153507513 155046745 157065124 157621652 157879739 160021495 160806631 162063021 163031094 164666421 165837536 167763672 168015831 168915735 169659816 171636284 176323254 177618124 177876764 179592536 179647148 180200469 181285460 182144090 182327684 183316967 184907316 186634497 186911327 186920987 193798468 196013745 196163212 196985197 200000802 201219329 207767161 210337395 213265080 213768376 217073168 217282298 220006469 220423986 220513338 220969953 222575770 222853344 223686119 223829899 224206468 224991215 230593825 230594015 230993029 231264105 231327184 232860271 232873218 233095434 233399753 235247318 235916275 238136244 238185504 239354041 239354178 240556364 241663858 241798690 242095951 243677493 245389181 248180167 248208972 248518115 248863542 249300704 249513931 251319620 251489836 254637556 255685806 256354468 257770646 257851659 258446895 258453288 258636909 259089016 259565919 261511358 262516404 263514783 266466203 267551608 267576492 268559412 269610231 269634586 269634709 270144043 270591191 271122515 271927342 272559428 272730946 273150950 273271135 273858423 274353240 275444868 275980777 276085407 276525513 276762254 276896638 277063336 277814190 279256294 279582025 279661011 279799208 280707924 281702616 281790633 282392271 282537094 284149994 284303995 284374546 284470419 285195772 287507975 289870670 291404926 294073376 296361456 296560329 296598119 297424436 297472091 298655238 299302867 299918202 301048289 303220173 303841631 304171663 304222785 304526669 306604246 307039139 307169318 307987755 309805759 310700619 312023553 313232829 314386232 315370952 318436644 320418785 323637372 324036661 324455318 324956971 328179089 329599269 329599474 334108624 336734187 337745959 338032299 339179587 339377681 339738135 340709278 342861036 345319941 346649638 347558668 347782012 352713986 353224859 354642308 354804557 355639551 356340711 356686989 357874986 358062661 358480767 362540190 362584649 363348716 364199892 364790981 367456159 373759936 374755793 375042895 376920536 381659944 382784088 382889398 382923188 383318639 384788861 387966007 387966023 388903557 389738003 389815792 390643684 390692626 392292742 392999546 394603968 395092373 395119019 395966690 399999551 400099037 400747497 402214799 402310923 403899445 405237445 406048009 406917685 407467715 408507251 411488071 412768930 413893498 415701281 415716237 415808757 416683198 417686422 418067339 418067369 418275812 418575493 418734519 422400805 423584683 424702786 425989799


27 50 323 1337 2310 2381 2990 3130 4357 11129 13852 16202 22766 28030 30967 45024 47249 48284 50793 52841 54054 54351 56160 61158 68535 71146 73091 73115 78772 81976 83685 83794 86421 88425 90123 92907 95189 96152 102037 103114 108813 113043 117510 122919 123290 129250 129610 132722 134700 138403 158702 159620 159674 159857 161434 161728 167374 168402 168939 171811 174356 183003 188360 189458 198790 199241 204344 209082 210443 212726 218522 218845 227955 231785 232489 234710 245538 250236 250455 251935 291907 292320 292337 294003 303191 305338 309459 309780 320175 323815 327078 331618 333478 336768 341142 347412 355106 355556 358965 362430 385132 388625 391824 401593 403930 406267 416646 417937 427063 427635 440081 441429 447014 454141 462547 466769 467799 469496 476685 491293 493125 502017 502303 514661 523143 533572 536642 537055 540475 545457 554462 554566 554568 557008 559875 560394 562156 564852 573697 573988 574948 580658 582872 617977 622268 623984 628056 629099 629131 646277 646507 650862 670507 676619 688510 701102 702478 714312 723514 724607 728844 736733 743676 758888 759207 761285 764256 764477 765997 767363 771653 778297 783326 801002 801062 822717 834705 838425 847786 851729 855062 862745 872731 878767 878920 885711 929839 937475 939685 946733 956419 982654 998061 1010949 1038913 1045147 1069250 1073185 1081543 1087823 1094796 1094941 1122013 1146427 1151906 1169701 1175840 1177350 1179309 1197821 1212966 1232035 1236381 1237551 1261676 1285056 1328100 1354451 1356392 1357914 1359652 1400202 1408366 1416877 1456999 1471503 1503323 1533904 1560457 1566748 1593816 1612767 1615628 1674659 1713699 1726469 1735734 1783621 1826874 1881796 1934996 2082215 2085014 2085918 2202846 2225537 2235936 2244446 2264249 2288595 2366168 2393044 2428369 2437621 2444517 2552391 2555772 2768464 2771630 2805492 2907940 2953846 2957817 3032040 3114536 3118417 3152929 3164383 3183442 3228016 3233061 3271398 3306535 3342182 3358514 3384766 3563669 3577623 3680061 3717214 3782599 3923771 4007446 4070159 4243556 4325990 4956358 4990711 5012530 5228296 5260554 5278184 5328515 5691365 5740061 6611849 6637153 6828965 7144127 7226524 7811302 7878884 7911654 8016531 8305581 8621820 8820765 8905765 9152861 9204505 9364427 9527569 9633282 9910273 9989234 10015098 10197258 10573246 10610217 11045781 12138424 12921398 13706664 13721671 13926429 15111784 19005537 20194455 21603312 24694981 26333691 37622655 40253526 40989712 121921570 132666951 138803418 146802330 172207496 191092769 196248815 218071250 233118968 251967731 267779479 269854091 281044674 340804580 373324781 400204750 407280364 419768751


35 70915 7781511 8025390 8079018 8570484 18980623

35 36 7781511 8025390










28 30 31 40 3417622 5455235 5724499 7205045 10183058 11119473 12620699 14041927 26253088 30327226 44551005 48371488 51098047 363270856
28 32 1915788 1927150 1942479 5580308 9590442 12896347 15143737 42946597 73389221 176703430 370097761















47 68 69 71 72 75 163 2397 9965 1895289 1957804 2203181 2443170 2843132 3335147 3724829 4333416 4418468 4914321 4930097 5765760 6339604 7671523 8330300 8389097 105070359 108454730 222195742 229016831 270285359 283152812 298247922 309496478 332987789 338996119 351846535 382382348 397310561 403153527







47 48 63 64 66 68 71 73 163 2397 710274






















94 98 99 100 103 104 105 118 131 135 141 144 147 116873 116890 130566 2414079 6588018 7926914 8751014 10910594 11305408 12089133 13697141 29226941 30906193 56684907 117810554 317825574
94 99 100 103 104 105 106 113 131 135 141 147 426 589 2314 8145 66546 98611 102983 454364 582008 773437 777609 847460 868817 883621 948247 1427703 1460495 1518481 2520958 3225843 9609725 13210591 14387669 16008141 17364008 19607091 22093735 24922831 29324757 30839653 31009929 32092010 33276415 34876720 39109697 39950915 40250821 46502382 48511083 50145693 60442378 65839329 66173307 68394382 70995235 77431051 80257793 88382549 100623011 103688565 118044769 170079771 241304898 343320291 349780203
